<?xml version="1.0"?>
<opencv_storage>
<intrinsic type_id="opencv-matrix">
  <rows>3</rows>
  <cols>3</cols>
  <dt>d</dt>
  <data>
    5.8134250038383448e+02 0. 3.2264314059100076e+02 0.
    5.8163343358246220e+02 1.3504245812718264e+02 0. 0. 1.</data></intrinsic>
<distortion type_id="opencv-matrix">
  <rows>1</rows>
  <cols>5</cols>
  <dt>d</dt>
  <data>
    -5.6860431229164055e-01 5.4041784567616835e-01
    7.1798140268867746e-03 4.6574727303600350e-04
    -3.8529484672027470e-01</data></distortion>
</opencv_storage>
